0.4414044110001538
0.2941980561593967
0.14699422089671815
0.10728945076846336
0.06758683785926523
0.05482380495684582
0.04203682049302752
0.034867908015246155
0.02772367444689829
0.02333462816576115
0.021156513419866758
0.016695613974435752
0.014530577537676174
0.014560210246399943
0.013000358934779441
0.011245199024775129
0.009928409443793586
0.00864795063637637
0.00863557392938749
0.007882730393157204
0.007192128160161404
0.0066146029668895275
0.006064014293701678
0.005723577438424763
0.004899028213518222
0.004604867371898607
0.004146828245955383
0.003919179312457027
0.0039251943602632245
0.003670857437080295
0.0036753105550631758
0.003369118310901708
0.0033634009367202278
0.0035883670515201496
0.0035771752993671675
0.0033139284879521646
0.00331314409613905
0.003306610604671711
0.0033030756509020895
0.0032959235949295163
0.002922518258822972
0.0027868650690731395
0.0027748370412609396
0.0027756762508852123
0.00277546636467743
0.0027699554023899123
0.0025937171562116367
0.002591591667362693
0.002536847655687699
0.0025375723681860455
0.002532143520813908
0.0025139486663727185
0.0024227332148571467
0.0022818352622105027
0.0021666530152855495
0.0021306684924925247
0.0020122903024742483
0.0019936915667237948
0.0020528370400003555
0.0021090487183210555
0.002103539493278297
0.0020385926177845133
0.0019843866048385194
0.001981090203433554
0.001902153174585835
0.0018619862132229507
0.0018620996832750625
0.0018206262023153208
0.0016336309672398573
0.0016760059045845441
0.0016725614040118836
0.0017308146602170553
0.001730411740851001
0.0017293910745061255
0.0017279526855072664
0.0017161359277248524
0.001653609157401383
0.0016574532221001073
0.0016541505289012594
0.001597888416618508
0.0016026393222229067
0.0016387063500570404
0.0016005686574563766
0.0016040905921643172
0.0014914993427282627
0.0015507244270722379
0.0014832709121389092
0.0014793708326542557
0.0014806989641535937
0.001484071474757427
0.0014992082891023039
0.001488949659700644
0.001492958547075926
0.0014922272319528597
0.0014284024220440757
0.0013667485407604582
0.0013031707824590663
0.0013001979364195542
0.0012971562199812386
